rmse: 0.5857434567010392
camera matrix:
 [[ 914.0586327     0.          679.06288554]
 [   0.          680.80769983  361.59960622]
 [   0.            0.            1.        ]]
distortion coeffs: [[ -4.36040204e-03   9.34743828e-02   7.80527139e-05   1.04588643e-03
   -1.23996044e-01]]


rmse: 0.6122964998273855
camera matrix:
 [[ 895.45613853    0.          682.3924525 ]
 [   0.          667.03818821  360.49268128]
 [   0.            0.            1.        ]]
distortion coeffs: [[-0.01005559  0.0777699   0.00040632  0.00196239 -0.10160105]]

